
   思考：
   如果实现对象的深拷贝？  
   
    var a=[44,23,78,56,12,90,3];
	
	冒泡排序：
	   第一轮：   7---6次
	     第一位44  第二位23  进行比较 
		 [23,44,78,56,12,90,3];
		 第二位44  第三位 78  进行比较 
		 [23,44,78,56,12,90,3];
		 第三位78  第4位56比较 
		 [23,44,56,78,12,90,3];
		 第4位78 5位12 比较  交换
		  [23,44,56,12,78,90,3];
		 5-78  6-90  比较  不交换
		   [23,44,56,12,78,90,3];
		 6-90  7-3 比较  交换
		 [23,44,56,12,78,3,90];
			
			经过第一伦： 最大的结果存到了最后一位 
			
		第二轮：  7 ---5
		
		[23,44,56,12,78,3,90];
		
		1--23  2---44  no
		 [23,44,56,12,78,3,90];
		2--44  3--56   no
		  [23,44,56,12,78,3,90];
		3--56  4--12  yes
		   [23,44,12,56,78,3,90];
		4--56  5--78  no
		    [23,44,12,56,78,3,90];
	    5--78  6--3  yes
		[23,44,12,56,3,78,90];
		
		第三轮：7---4
		   
		  [23,44,12,56,3,78,90];
		  
		  1--23  2--44   no
		  [23,44,12,56,3,78,90];
		  
		  2--44  3--12   yes
		  [23,12,44,56,3,78,90];
		  
		  3--44  4--56   no
		   [23,12,44,56,3,78,90];
		  4--56  5--3  yes
		    [23,12,44,3,56,78,90];
			
		第四轮：  7  ---3
		   [23,12,44,3,56,78,90];
		   
		 1--23   2--12   yes
		    [12,23,44,3,56,78,90];
		 2--23 3--44   no
			  [23,12,44,3,56,78,90];
	     3--33  4--3   yes
			[23,12,3,44,56,78,90];
			
		第五轮：7---2
		  [23,12,3,44,56,78,90];
		  
		  1--23  2--12   yes
		  [12,23,3,44,56,78,90];
		  
		  2--23  3--3  yes
		  
		 [12,3,23,44,56,78,90];
		 
		 第六轮：7  ----1
		      [12,3,23,44,56,78,90];
			  
			  1--12  2--3  yes
			  
		    [3,12,23,44,56,78,90];
		 
		 
	